4.25284
5.10512
3.27132
5.78464
3.28258
3.30959
3.11162
3.80734
3.52595
4.09883
3.58063
3.38985
2.78603
3.96457
3.60313
3.44043
4.10498
2.98980
3.23283
3.36655
3.25913
3.16081
2.90696
3.85793
4.09991
3.47675
3.95999
3.12992
3.63513
3.48385
3.53077
3.62938
4.12161
3.33672
4.80602
3.29503
2.97392
2.80610
3.45465
4.24296
4.10774
3.57875
3.90136
3.05591
4.38685
4.35152
4.41181
3.46268
3.28053
3.67446
4.67946
3.49180
4.12122
3.70144
2.98906
4.03787
3.29126
3.75765
2.91485
3.49612
4.90786
3.50581
4.26625
3.98364
3.52682
3.40646
3.46002
4.08156
2.68403
3.99852
3.27654
4.61566
3.24736
4.05466
3.45366
3.08846
2.95815
3.80981
3.61078
3.86412
3.74697
3.30869
3.60261
3.45860
3.43256
3.27245
2.89405
3.53831
3.60235
3.11856
3.67432
3.01749
3.37397
2.85419
3.31937
2.90940
3.55412
3.84349
3.61591
3.67245
3.39577
3.19585
3.46359
3.04629
3.03356
2.94507
3.70593
3.29708
3.19913
3.19142
3.86628
3.40833
3.45149
3.74146
4.00009
3.39183
3.13351
3.07902
3.26358
3.13497
2.30148
3.86568
3.67123
3.14112
3.80975
3.66117
3.41216
3.66483
1.41787
1.18943
1.18794
1.19668
0.94005
1.37839
0.97939
1.20666
1.39440
1.09577
1.10089
0.79067
1.21680
1.18820
1.31575
0.92684
0.96484
1.00254
1.12526
1.14681
1.16388
1.40667
1.98834
1.00737
1.01117
1.09043
1.63653
1.03842
0.91256
1.08462
1.06248
1.54375
1.47528
1.29756
0.86444
1.11939
1.31962
0.84494
1.02312
0.98018
1.05265
1.16381
1.29571
1.29801
1.11717
1.04899
1.16047
1.09038
0.93376
1.13606
0.74842
1.44858
1.03058
1.06179
0.93576
1.27257
1.32239
0.98440
0.85078
0.74618
0.98022
1.25487
0.86250
0.92992
0.87059
0.78198
1.03271
0.88780
0.87077
1.08900
0.98741
1.69428
0.92467
1.06536
0.97251
1.02048
1.01393
0.87776
0.79099
0.93626
1.42616
1.05279
0.99905
1.22821
0.89777
0.70290
0.88449
1.08786
1.34579
0.79021
0.96300
0.86668
0.79194
1.12913
0.83736
0.82838
0.78547
0.92667
0.88625
1.02690
0.99862
0.94970
1.05933
0.72727
0.74606
0.88184
0.95579
0.88450
0.84716
0.72270
1.03696
0.89383
0.76071
0.81064
0.94415
0.89559
0.85453
0.91151
0.99436
1.03434
0.88197
1.03406
0.83627
0.81989
0.88411
0.89833
0.80289
0.76352
0.91380
0.78946
0.84364
0.77037
0.86472
0.60959
0.86286
0.94070
0.84274
1.05794
0.93188
0.79764
0.69509
0.93973
0.77938
0.96643
0.86345
0.66780
1.05532
0.64514
0.75530
0.79692
1.05422
0.71571
0.62883
0.79996
0.66007
1.15140
0.78811
1.03833
0.68468
0.86580
0.62720
0.76850
0.89906
0.85134
0.98994
0.83358
0.80359
0.83451
0.76123
0.78198
0.88366
0.97390
1.05696
0.72849
0.85119
0.96217
1.00666
0.62836
0.72700
0.85502
0.78811
0.89257
0.77970
0.76929
0.82138
0.72167
0.70644
1.02768
0.82853
0.97844
0.77959
0.85506
1.10819
0.69693
0.69431
0.63392
0.74132
0.86963
0.84796
0.70998
0.98536
0.96922
0.58581
0.72027
0.84911
1.05854
0.71831
0.75051
0.77224
0.62995
0.78046
0.70946
0.64570
0.97584
0.58823
0.82273
0.72982
0.71640
0.85090
0.64203
0.93209
0.80422
0.66659
0.69603
0.97603
0.60850
1.00421
0.87452
1.07223
0.67792
0.71879
0.77695
1.09608
0.83551
0.87359
0.74347
0.65083
0.63285
0.76095
0.91876
1.00403
0.81948
0.84257
0.64236
0.56355
0.70039
0.72448
0.72132
0.73342
0.90343
0.84431
0.88700
0.65487
0.83754
0.63165
0.71909
0.72916
0.76538
0.79204
0.91262
0.84330
0.75204
0.67257
0.73633
0.86974
0.87894
0.51012
0.68270
0.91246
1.01607
0.82189
0.55573
0.83181
0.74464
0.76666
0.56883
0.68463
0.81845
0.73188
0.77875
0.66290
0.88721
0.76849
0.83250
0.73680
0.57623
0.67446
0.71096
0.44381
0.86142
0.67087
0.69696
0.77443
0.58157
0.69142
0.73661
0.76792
0.85929
0.76341
0.63401
0.76021
0.70447
0.64567
0.54868
0.57056
0.98026
0.80052
0.77417
0.74151
0.72936
0.70291
1.06260
0.76290
0.80997
0.70724
0.94047
0.63680
0.62322
0.66716
0.53613
0.67341
0.65372
0.71747
0.73197
0.87583
0.71801
0.83618
0.59169
0.77890
0.78977
0.60731
0.69130
0.86440
0.62741
0.58475
0.81996
0.64537
0.75455
0.76524
0.72097
0.70889
0.68345
0.73341
0.78948
0.52474
0.75220
0.74942
0.70280
0.38622
0.82499
0.83787
0.85447
0.54231
0.71842
0.61969
0.69409
0.73712
0.85474
0.48039
0.46408
0.68335
0.80422
0.62063
0.51096
0.64833
0.91135
0.65448
0.60451
0.47367
0.73678
0.78016
0.47329
0.66850
0.58423
0.65939
0.63174
0.53287
0.77770
0.66464
0.68020
0.81680
0.64967
0.83334
0.71345
0.68715
0.54526
0.73244
0.52029
0.52550
0.64961
0.67910
0.71077
0.72800
0.67645
0.64900
0.86503
0.73832
0.60492
0.71375
0.55212
0.69031
0.53707
0.58240
0.72518
0.56536
0.53926
0.61126
0.64966
0.65022
0.60400
0.52155
0.50562
0.71949
0.60781
0.66891
0.83551
0.58346
0.57391
0.50968
0.59289
0.51011
0.85936
0.54359
0.63167
0.58011
0.57330
0.59677
0.70463
0.91098
0.58358
0.65727
0.72972
0.87824
0.54760
0.61926
0.62967
0.61856
0.57469
0.66435
0.44277
0.64910
0.74644
0.57098
0.60585
0.57935
0.63841
0.63280
0.56584
0.69780
0.61621
0.74080
0.64057
0.68570
0.68513
0.68538
0.63082
0.60577
0.61508
0.54565
0.48204
0.66851
0.73827
0.69789
0.62108
0.44401
0.72329
0.71521
0.49822
0.54464
0.67898
0.49417
0.82451
0.51023
0.69417
0.64626
0.56676
0.47663
0.52334
0.66077
0.53299
0.70249
0.62859
0.84202
0.78621
0.65758
0.67771
0.61154
0.53624
0.72995
0.73934
0.65796
0.60624
0.49017
0.49606
0.51212
0.49517
0.64548
0.47586
0.56368
0.81712
0.56345
0.48173
0.68456
0.72534
0.63008
0.43710
0.56692
0.49979
0.63982
0.74194
0.47766
0.55354
0.57016
0.73080
0.59668
0.75479
0.64028
0.56297
0.58606
0.70210
0.66180
0.60535
0.61705
0.62222
0.65799
0.47277
0.65359
0.67685
0.47639
0.58719
0.63107
0.76806
0.53133
0.67007
0.52916
0.51452
0.50488
0.61476
0.50253
0.52470
0.68854
0.74814
0.82341
0.61987
0.53058
0.61961
0.49856
0.50981
0.49242
0.55510
0.62231
0.54109
0.73396
0.47480
0.56875
0.60192
0.51468
0.61098
0.78677
0.51273
0.53008
0.61125
0.48967
0.64178
0.59604
0.51262
0.62982
0.54261
0.48181
0.79251
0.75542
0.79198
0.52442
0.63682
0.52047
0.62708
0.49431
0.62361
0.54413
0.60872
0.57786
0.70558
0.58752
0.50763
0.54966
0.84217
0.58576
0.48355
0.49274
0.60826
0.54922
0.66333
0.53226
0.58153
0.51628
0.51338
0.55158
0.72964
0.57710
0.74716
0.60473
0.45918
0.55496
0.49779
0.64073
0.60864
0.55303
0.49502
0.48775
0.70749
0.56121
0.64898
0.45169
0.44556
0.62585
0.55421
0.54462
0.60425
0.46718
0.53166
0.53573
0.48062
0.61027
0.59615
0.56509
0.55805
0.55127
0.50092
0.50667
0.61561
0.66474
0.56179
0.59769
0.51526
0.54732
0.49623
0.46314
0.66102
0.39981
0.47025
0.58695
0.58063
0.62834
0.55315
0.52936
0.62574
0.55072
0.82335
0.69358
0.44336
0.47189
0.57876
0.62278
0.59284
0.71810
0.80042
0.39759
0.53927
0.43083
0.62044
0.45749
0.64376
0.70174
0.54596
0.55237
0.51136
0.65687
0.52629
0.55694
0.47983
0.53134
0.51916
0.48348
0.41158
0.71878
0.45873
0.42718
0.50878
0.54560
0.56320
0.50307
0.61219
0.48139
0.42243
0.51506
0.48221
0.45487
0.49683
0.58143
0.53744
0.46607
0.58203
0.65953
0.55716
0.52296
0.49531
0.70701
0.55448
0.48847
0.45905
0.65757
0.50395
0.74882
0.51859
0.47266
0.50057
0.74627
0.56742
0.52900
0.48718
0.40589
0.49694
0.53847
0.54785
0.56890
0.84475
0.43523
0.44092
0.60181
0.52693
0.78113
0.45171
0.62806
0.61029
0.46175
0.42272
0.54251
0.51636
0.55772
0.54436
0.38008
0.52998
0.49844
0.55695
0.50667
0.41065
0.47168
0.40811
0.47172
0.59149
0.36462
0.51591
0.56445
0.57178
0.58842
0.61723
0.65310
0.49700
0.55626
0.57947
0.46030
0.64461
0.42809
0.44771
0.66180
0.65489
0.41492
0.49127
0.59845
0.48560
0.54650
0.60288
0.62126
0.43818
0.41483
0.39582
0.40505
0.44333
0.61984
0.48475
0.55052
0.57564
0.46707
0.50154
0.44366
0.57164
0.40977
0.60289
0.47351
0.39379
0.61647
0.62761
0.55023
0.53180
0.48329
0.64104
0.45512
0.52728
0.56563
0.50977
0.56690
0.55437
0.72206
0.48470
0.52470
0.41301
0.42602
0.44817
0.43310
0.68186
0.47719
0.41006
0.60551
0.47238
0.53086
0.45739
0.52858
0.53000
0.46212
0.50855
0.45480
0.43935
0.64237
0.52425
0.50166
0.36314
0.46992
0.57049
0.45448
0.45506
0.43873
0.60506
0.50052
0.50664
0.58969
0.41176
0.40021
0.56852
0.38994
0.45280
0.46390
0.51469
0.65543
0.54174
0.51235
0.35448
0.43323
0.59476
0.46346
0.45204
0.67217
0.55170
0.51962
0.43602
0.53331
0.41783
0.54161
0.55781
0.45908
0.44563
0.42947
0.34193
0.48409
0.41267
0.39640
0.53829
0.47001
0.48010
0.52206
0.52116
0.36422
0.49436
0.45167
0.56905
0.37385
0.41785
0.43047
0.51362
0.52308
0.47365
0.60329
0.43435
0.42761
0.45368
0.42138
0.44882
0.41988
0.63992
0.58217
0.50655
0.48520
0.67101
0.36103
0.47128
0.53379
0.42419
0.59226
0.48104
0.49685
0.64371
0.41908
0.44095
0.50730
0.39892
0.69698
0.39185
0.54327
0.46283
0.60669
0.44008
0.57838
0.54261
0.54302
0.56682
0.51119
0.44426
0.36786
0.44671
0.40197
0.47247
0.42233
0.38394
0.50359
0.67697
0.33399
0.50342
0.43842
0.51677
0.53688
0.47060
0.48483
0.61387
0.54929
0.48685
0.48975
0.39209
0.67726
0.53613
0.40930
0.61498
0.45595
0.37715
0.59281
0.52164
0.53217
0.44326
0.38803
0.55262
0.46519
0.57294
0.36602
0.43307
0.45613
0.41684
0.44304
0.42773
0.44489
0.50786
0.49370
0.49292
0.39765
0.44466
0.33743
0.57191
0.38241
0.36646
0.41671
0.50139
0.53420
0.34561
0.64074
0.47713
0.41991
0.40572
0.40004
0.39004
0.47286
0.39090
0.43415
0.43425
0.35088
0.59765
0.43424
0.54285
0.33306
0.47401
0.42174
0.47104
0.57396
0.32055
0.56124
0.49228
0.44137
0.36685
0.49746
0.48003
0.55240
0.41432
0.37100
0.34712
0.43225
0.36458
0.36867
0.43486
0.37644
0.49550
0.42589
0.39053
0.39151
0.40744
0.56302
0.45931
0.39698
0.44013
0.32383
0.52754
0.38202
0.40121
0.57645
0.64899
0.48697
0.49447
0.46062
0.44963
0.42316
0.40317
0.43403
0.43728
0.46504
0.45322
0.40862
0.42831
0.38031
0.41663
0.38756
0.54374
0.38971
0.38386
0.53988
0.43167
0.53638
0.38018
0.44923
0.48729
0.43121
0.41875
0.38701
0.43419
0.41568
0.36044
0.35069
0.51251
0.49722
0.36412
0.38762
0.41307
0.60312
0.39317
0.38099
0.44565
0.35777
0.41320
0.36466
0.45274
0.51198
0.33492
0.42910
0.41831
0.39665
0.37841
0.39701
0.51370
0.43306
0.41125
0.38069
0.41082
0.39138
0.36208
0.48326
0.47561
0.37564
0.37232
0.44026
0.37484
0.30930
0.37969
0.31656
0.40328
0.47385
0.48792
0.40169
0.27231
0.47764
0.48895
0.52538
0.33223
0.38845
0.36611
0.52178
0.40412
0.40109
0.46449
0.29495
0.48626
0.29704
0.41454
0.39676
0.41648
0.37521
0.36973
0.36770
0.40709
0.39940
0.50683
0.40752
0.35008
0.50998
0.42469
0.38420
0.42429
0.50785
0.44401
0.32052
0.36844
0.30137
0.35675
0.47039
0.60444
0.42346
0.32504
0.34350
0.42532
0.45515
0.43125
0.42190
0.66541
0.54536
