2.40913
2.55819
1.92554
2.86089
2.01984
1.99138
1.89810
1.71293
1.66468
2.05099
2.03716
1.69369
1.63004
1.86224
1.73482
1.88819
1.85962
1.77427
1.80334
1.63391
1.54157
2.39908
1.73897
1.80976
1.80966
1.66227
1.71779
1.60788
1.45583
1.61709
1.63549
1.61734
1.68128
1.34799
2.32464
1.87876
1.83004
1.80764
2.22720
2.11079
1.64951
2.02871
1.79647
1.33818
1.56723
1.64638
1.76948
1.86889
1.59081
1.44743
1.89323
1.60162
1.60497
1.55973
1.50435
1.69561
1.37037
1.61960
1.22114
1.52970
2.24525
1.51876
1.74769
1.48601
1.70072
1.32987
1.52864
1.82838
1.28102
1.51683
1.31858
2.03361
1.66150
1.61298
1.33655
1.56729
1.37515
1.54800
1.52968
1.45250
1.38237
1.46432
1.48332
1.33969
1.25085
1.35041
1.34273
1.42061
1.33488
1.51882
1.58727
1.59526
1.57959
1.31222
1.22102
1.32055
1.21784
1.45606
1.72813
1.53342
1.36673
1.36221
1.38413
1.57375
1.26305
1.35508
1.52086
1.27754
1.40932
1.56104
1.44955
1.39452
1.38967
1.49449
1.29454
1.30861
1.37287
1.18980
1.20628
1.19615
1.27409
1.49484
1.17574
1.63162
1.80855
1.27363
1.48047
1.26956
0.97572
0.87041
0.85354
0.83278
0.75304
0.92878
0.79318
0.96438
0.86776
0.82300
0.79492
0.69644
0.69281
0.87202
1.08227
0.77944
0.60443
0.74229
1.16312
0.89004
0.98315
1.00864
1.10181
0.75131
0.82652
0.70546
1.10160
0.79478
0.76952
0.74696
0.83337
1.10966
1.11280
1.03097
0.65163
1.02395
0.92766
0.71118
0.79592
0.87312
0.81044
0.78045
0.86642
0.90693
0.89392
0.82698
0.77518
0.91297
1.07573
0.93558
0.58635
1.03320
0.70511
0.77632
0.74634
0.84134
1.06220
0.74027
0.57239
0.72766
0.68502
0.85750
0.67307
0.77412
0.61760
0.64425
0.72493
0.71169
0.75693
0.96035
0.95028
0.94489
0.93587
0.85510
0.85116
0.85235
0.76067
0.65257
0.61785
0.67453
0.90223
0.77728
0.68391
0.77138
0.70259
0.76104
0.67823
0.64964
0.82033
0.72121
0.70799
0.60361
0.59877
0.81535
0.71984
0.62889
0.66213
0.68727
0.65601
0.68529
0.65662
0.69270
0.96374
0.60478
0.59788
0.67365
0.70943
0.58580
0.56979
0.64165
0.82380
0.72833
0.59537
0.56684
0.69124
0.69183
0.72230
0.72188
0.70754
0.88826
0.64218
0.76344
0.59338
0.68217
0.77640
0.60237
0.65052
0.90817
0.63973
0.64981
0.82494
0.53314
0.68143
0.49538
0.59736
0.73938
0.67101
0.77491
0.67854
0.63417
0.59737
0.77434
0.63589
0.73176
0.68990
0.55348
0.71905
0.56522
0.75690
0.72441
0.66490
0.61496
0.54172
0.61100
0.54476
0.71254
0.60614
0.69900
0.48432
0.59999
0.59471
0.58826
0.62850
0.66719
0.71178
0.56587
0.64308
0.62204
0.57359
0.61735
0.59555
0.70752
0.73016
0.55758
0.58699
0.77251
0.72045
0.58035
0.49965
0.66669
0.78005
0.73603
0.55250
0.56378
0.55693
0.51925
0.56888
0.67532
0.52369
0.63193
0.63921
0.65177
0.75501
0.60334
0.62794
0.76063
0.53237
0.62161
0.66706
0.59437
0.75916
0.69205
0.48472
0.58594
0.51548
0.80420
0.57034
0.66104
0.54398
0.48622
0.62289
0.61929
0.50529
0.67878
0.43260
0.65911
0.45573
0.54903
0.59181
0.50359
0.60311
0.60799
0.51082
0.67653
0.62674
0.60915
0.70256
0.58428
0.69113
0.52499
0.63475
0.57342
0.65270
0.73569
0.63833
0.58783
0.61546
0.58481
0.52692
0.63835
0.71427
0.55653
0.70742
0.41699
0.56638
0.45339
0.54335
0.57584
0.51652
0.64201
0.77240
0.67389
0.49010
0.63171
0.60942
0.55582
0.57096
0.50496
0.60340
0.68905
0.54110
0.55137
0.64923
0.63235
0.63458
0.63401
0.48717
0.54785
0.53299
0.69912
0.74520
0.44346
0.59473
0.64005
0.56818
0.47938
0.66621
0.53555
0.69702
0.64573
0.56829
0.56641
0.49574
0.62946
0.64910
0.55094
0.53982
0.52174
0.39013
0.69152
0.57531
0.45470
0.60175
0.56450
0.59879
0.53468
0.53509
0.58699
0.51883
0.55435
0.58454
0.57966
0.50027
0.47086
0.47547
0.67498
0.72166
0.56576
0.63203
0.55050
0.54318
0.83421
0.56678
0.58987
0.64460
0.65102
0.52090
0.57010
0.51685
0.45393
0.52603
0.52688
0.55649
0.62094
0.65457
0.60263
0.59547
0.48295
0.51654
0.68784
0.42558
0.55355
0.63576
0.57324
0.55135
0.61128
0.49012
0.50506
0.55357
0.53870
0.51028
0.60772
0.49834
0.56922
0.55195
0.59036
0.61223
0.48255
0.32356
0.61012
0.75704
0.60572
0.41084
0.52005
0.57424
0.49131
0.49951
0.55132
0.43595
0.48656
0.49075
0.60811
0.53321
0.50065
0.57192
0.54887
0.57722
0.58046
0.36109
0.51542
0.50693
0.41565
0.52777
0.45958
0.50846
0.57930
0.44023
0.55262
0.51790
0.55151
0.57369
0.57832
0.58575
0.57668
0.54512
0.39679
0.58945
0.44355
0.39206
0.61119
0.54091
0.54238
0.50429
0.56814
0.45574
0.58564
0.61873
0.41758
0.55038
0.42623
0.55082
0.43017
0.44998
0.51049
0.45790
0.49263
0.51790
0.53560
0.52053
0.45979
0.44877
0.41031
0.46747
0.41327
0.55270
0.63571
0.49412
0.54225
0.41899
0.52955
0.38524
0.59917
0.45877
0.62417
0.49579
0.47444
0.54349
0.64383
0.68858
0.39114
0.48545
0.49129
0.57629
0.43836
0.43192
0.52848
0.43030
0.44045
0.49079
0.33627
0.63772
0.58842
0.44986
0.47011
0.55878
0.45908
0.51400
0.48770
0.48705
0.59586
0.57564
0.50648
0.63944
0.52002
0.43491
0.51774
0.43611
0.47032
0.41102
0.41763
0.48422
0.50697
0.49500
0.53403
0.36930
0.49206
0.47343
0.41482
0.44407
0.58455
0.38595
0.59044
0.42085
0.56355
0.50888
0.41430
0.46466
0.47005
0.47297
0.43843
0.50445
0.46974
0.55696
0.65214
0.50840
0.56039
0.43676
0.42813
0.69060
0.49942
0.45238
0.43224
0.39747
0.45669
0.38045
0.38593
0.40150
0.48290
0.39246
0.53738
0.44765
0.36957
0.48012
0.54431
0.45180
0.36647
0.51871
0.46137
0.53440
0.53976
0.37288
0.49302
0.43137
0.51314
0.44769
0.52349
0.51082
0.44642
0.42675
0.55093
0.55783
0.42960
0.47226
0.45467
0.54666
0.38205
0.45016
0.52743
0.48905
0.45997
0.51946
0.55322
0.38656
0.44592
0.39043
0.45392
0.41726
0.46153
0.40299
0.39913
0.48418
0.51234
0.62022
0.49898
0.49749
0.48515
0.37714
0.39906
0.39585
0.42711
0.48218
0.49339
0.46109
0.37957
0.43692
0.50024
0.46962
0.42798
0.50611
0.42238
0.39181
0.52901
0.40651
0.43811
0.44733
0.39404
0.45645
0.51209
0.39213
0.61111
0.54608
0.51963
0.54304
0.50922
0.49614
0.55472
0.40170
0.50735
0.45207
0.46183
0.39910
0.48536
0.42520
0.42706
0.43124
0.60478
0.48854
0.49936
0.40041
0.49814
0.40708
0.45261
0.45462
0.43306
0.44602
0.37706
0.47266
0.52135
0.44649
0.51796
0.47010
0.38062
0.40753
0.45194
0.61931
0.48377
0.45175
0.37010
0.36578
0.50868
0.44387
0.46668
0.34550
0.35570
0.54170
0.39616
0.53132
0.42766
0.41329
0.48693
0.42135
0.47928
0.40277
0.42935
0.45890
0.46031
0.44910
0.38749
0.38500
0.43998
0.47943
0.46002
0.43382
0.42549
0.36955
0.38239
0.37517
0.67453
0.38284
0.34114
0.43846
0.46872
0.40459
0.46153
0.44637
0.42637
0.43183
0.56682
0.47694
0.36320
0.42302
0.38583
0.41426
0.40915
0.50123
0.50808
0.46998
0.48288
0.38665
0.44817
0.37050
0.42960
0.45983
0.52786
0.46770
0.39237
0.55495
0.38903
0.43664
0.43721
0.38000
0.43088
0.43403
0.42660
0.57647
0.34417
0.39820
0.38370
0.45765
0.51930
0.43443
0.45481
0.42441
0.41528
0.39441
0.44947
0.40620
0.39243
0.48376
0.43033
0.37619
0.35981
0.42473
0.38116
0.45425
0.42475
0.52849
0.43337
0.40153
0.35720
0.47025
0.38454
0.53310
0.40181
0.41400
0.40334
0.56297
0.37626
0.42806
0.34159
0.34540
0.38374
0.40502
0.39872
0.46842
0.58268
0.42794
0.39912
0.51641
0.41562
0.53213
0.41542
0.47438
0.47162
0.37866
0.40855
0.45586
0.40710
0.45565
0.38099
0.37401
0.42484
0.43014
0.40266
0.40074
0.37811
0.36552
0.37490
0.31971
0.50307
0.28703
0.39117
0.58970
0.55749
0.51405
0.46030
0.46456
0.45897
0.43337
0.45547
0.32437
0.45751
0.37494
0.45359
0.45780
0.46460
0.35067
0.37088
0.40583
0.39054
0.42645
0.41088
0.44164
0.38676
0.37335
0.31102
0.29347
0.38981
0.51053
0.39119
0.43760
0.41747
0.34272
0.43207
0.33665
0.43030
0.43309
0.47230
0.40813
0.31467
0.43627
0.48290
0.41862
0.44322
0.41612
0.46737
0.37598
0.41835
0.45444
0.41348
0.40885
0.45784
0.43404
0.38633
0.50020
0.35588
0.35368
0.38317
0.36157
0.48072
0.38933
0.33687
0.39915
0.41589
0.38223
0.34539
0.39694
0.40674
0.33536
0.41585
0.37329
0.35010
0.44852
0.38965
0.42860
0.31921
0.36971
0.39993
0.46083
0.35541
0.31387
0.41230
0.41179
0.42079
0.42547
0.36685
0.30738
0.46686
0.34188
0.37549
0.34511
0.45988
0.43693
0.35624
0.41389
0.29974
0.32923
0.42271
0.32323
0.36935
0.44819
0.41079
0.42956
0.36691
0.43360
0.42307
0.49259
0.45185
0.33092
0.39558
0.34026
0.32897
0.42435
0.39060
0.28504
0.41203
0.35840
0.36743
0.41389
0.39753
0.33057
0.37354
0.37542
0.45877
0.31003
0.35598
0.31700
0.39708
0.37333
0.38402
0.44138
0.37674
0.35777
0.39327
0.35032
0.37318
0.32072
0.46302
0.49651
0.42175
0.33411
0.51488
0.40136
0.40459
0.41891
0.39956
0.41070
0.38385
0.38193
0.49130
0.38729
0.38392
0.38600
0.36497
0.44676
0.30103
0.45079
0.36409
0.43942
0.36072
0.48397
0.54043
0.46038
0.38266
0.40421
0.31591
0.31940
0.34289
0.33894
0.48936
0.36633
0.31110
0.42539
0.50740
0.30437
0.36386
0.33972
0.37555
0.37134
0.42151
0.40998
0.41630
0.39450
0.41816
0.45726
0.33646
0.45345
0.39417
0.33130
0.39910
0.38065
0.48218
0.40915
0.41443
0.38070
0.32831
0.31578
0.35775
0.41760
0.40702
0.32645
0.36850
0.36220
0.39752
0.35992
0.34459
0.36783
0.41116
0.34057
0.39370
0.33156
0.37090
0.32399
0.45839
0.36805
0.33556
0.32182
0.38068
0.41644
0.31028
0.43062
0.42333
0.36587
0.34487
0.33993
0.34800
0.44222
0.34581
0.40401
0.34671
0.32574
0.39474
0.36955
0.41468
0.28803
0.38476
0.32047
0.39137
0.52957
0.29253
0.44081
0.41185
0.39234
0.31558
0.37361
0.33174
0.40682
0.32531
0.34167
0.30368
0.34429
0.32201
0.30806
0.33448
0.28800
0.35976
0.29747
0.33364
0.33711
0.35422
0.40402
0.37655
0.37692
0.37386
0.33168
0.37077
0.30223
0.32723
0.49605
0.38926
0.36716
0.34282
0.38762
0.37672
0.33601
0.34001
0.35538
0.36311
0.31592
0.39945
0.35443
0.33602
0.29128
0.40502
0.37173
0.44165
0.32463
0.26124
0.37673
0.36501
0.42767
0.30290
0.34895
0.38277
0.36769
0.37596
0.32452
0.36312
0.34740
0.28437
0.36402
0.38968
0.37863
0.30356
0.32998
0.32540
0.47474
0.30361
0.34982
0.36969
0.28036
0.31913
0.28665
0.37986
0.37008
0.29732
0.32579
0.37584
0.30837
0.33610
0.34102
0.37391
0.33660
0.35162
0.27757
0.39413
0.29829
0.30828
0.36981
0.36794
0.34920
0.37355
0.33914
0.35055
0.30214
0.33086
0.30115
0.35021
0.42749
0.42038
0.31132
0.23394
0.34935
0.34139
0.41551
0.30216
0.35961
0.33263
0.43528
0.34388
0.33312
0.48442
0.32166
0.40269
0.27216
0.42816
0.37550
0.30605
0.30595
0.37262
0.28206
0.32921
0.36314
0.42711
0.32973
0.31432
0.42618
0.36956
0.31493
0.33826
0.44884
0.33162
0.27684
0.36449
0.25109
0.29389
0.37444
0.42564
0.36093
0.30971
0.36142
0.34469
0.45098
0.29959
0.33657
0.43089
0.41875
